$ANSIBLE_VAULT;1.1;AES256
62303166643031306433643533643461363164663062663830376336636339353939396565346338
3732396237313030303666326633666430643538383033340a373965353334393961333063346434
63393538373264336532663232313966373839656165326231343731303135663535323963383230
3162336465663035350a323666363932633666623434343664303666316633623966613532643638
39623339373864366636633231333238613834323933663761633464323161303439653837666263
61303437333930353338353733363531323533653131653664346536613936633264383161313234
32383933353637653361393036643133393832376332346136333436363637653831656238633132
37326362663332316630396230363039363132643632666364613362643038343632663736613838
66653665323433343762366263336237633233366130343366386633316164366133346334356263
38303063396339646130626138643337356534663031613035653261393430343138363438623165
39663239373764306363393833653861343436356538323937383930303463666662643665633137
38333938613465396630366535653966366462306564613938666636373437633265323936333063
64646232336663616263663138366364646634326535653533306630383863643263616335626536
39366337326536306636313466666236333137653863303633383562323530373036643135336235
37333965666339376131363130306334336234336137633963636465666261353133366361366533
36333765386131656466386332613636663566643239383265333137303566303334623938313062
64333463376331376631386666666238656164613063633862376630326465316462623534393334
64343837323661623837353963393562666539353666626664643634323739623439623338613065
62313962306139386631383565343335353033313366333761663335616530353463626465323236
38326130376537393534323661383533356363333261396131313136396230303961373438343539
39633636653633326237383863333633653962666633383133303439306238393264666633376532
38303465386639386530336339663230653262396165653937303434316238333866663866363866
37316665316238333838353339626364623931376366316635616265663761323066323465306262
64353037653565613638326137643062353434636638303538333633366263383231623430626264
63386636646366336531306561323239616364333330333138663163393761343634343139613839
66643731623366613266393939303236313732373861636537333533653462643365356238323633
62623863613835633830333236376632636132393130306636663139333966313435336133316338
33373831313635373737613436666330343335613639626437653964343363336665653036346465
66643261663165303732366132386261343331633333326532613538366438363964366437626434
30366439356561636563363433626364323261663536316531633537346139303062393839363838
33313061626562623138326136386338636231373863666234343534643836396235396638393138
36633731636535396134383731616135663239306361643063363135313164626639326164376461
34383637646439393032303235313462363335383633363233343862353734336265383436383932
31333362666330393135623763343931336532333136333231653630656333623639393333363134
66653034363262376633663561313362656161303835333765383338313162326261323434663363
64363635663637346161643961323332306334353732316630303530336165356330373465666662
33653735633233363834643234363834306434303036656165326236363262303730373162666630
36363732363565663030316630386633303035623462323836323233613963663836613131313430
32366339633834313561343236366661313262303130616265373565633061326536346139343436
39653038636263316236633036353961353261373533343032316366333161633166353464323066
62386636343464356237346633343937306338636130633433633235623965636261303639613039
31636538616432343738346164346335333439643730396130616461623632623366616237343136
33656337663364313639376531373133633438366366376232356137616130313432373834386630
37353137626136646232313539653831636166373362326661643761386135646537643835633766
35383065363064363936616265386363363230313332643436336133373231376465383837353338
31326332636661373630353663343633623130396638346363363336643063323535386661396138
39326661653331393536643335303432626533373130616566653035313335633430366666663333
35393038323634313934393764316133326166383830653930313464313037623037396662353430
37333930663362306433643230343136623637346166633933323134363036396333316565306562
34356331653634393133303237353830323930306636383739313466346235333165356633393966
66363732623434636432623039353537343738633234633761316538633736396561396439393630
66383363373661386531636238616336646336323934363839383632616266373731613039316231
39653561626538323239623036303532643437383966326630316131303134656435656266616537
31393039353436366634326133396539623334616630646563613034663734336665346465666365
34643731613534343233616236613864373831336432356234373737336561363935653930373463
34336333383330343961616365363935663335613963336564306435393138336237323564333137
34393566393163353030353764336534363835303039303230323930353566663432363235663464
62656636363064613534316536356635643838323931356661343238626432396465663161386635
616537626133363664346238303337623434
